4.94894938345504
4.8958043261552
2.53339692902632
2.813982942379
5.0274148426403
4.80749414976243
2.7149585632197
2.72288449993752
5.00543099817286
4.84018839688177
2.4297593210474
2.91572950468756
5.08302463868411
4.75084452674563
2.61767517797535
2.8279106323407
5.05856876703623
4.78145629633297
2.32711442231953
3.01781796945568
5.13535957561244
4.69099395797332
2.5218169792608
2.93305732926747
5.10830807365667
4.71967350328554
2.22593270011072
3.11991997073874
5.18436219562117
4.62800367087318
2.42786095528548
3.03800931924417
5.15459832740391
4.65491003434858
2.12675198282201
3.22173886795134
5.22997934191668
4.56193899870209
2.33633891144689
3.1424833067605
5.19739288640062
4.58724061937651
2.03018852168459
3.32300563546
5.27216206272225
4.4928695173639
2.24784277839715
3.24622341395335
5.23664899225815
4.5167449060783
1.93694856964817
3.4234753085161
5.31086552909394
4.42086920713385
2.16302884953616
3.34899734070056
5.27232771488239
4.4435076987137
1.8478393710177
3.52292393194687
5.34604896471375
4.34601664383927
2.08261988642365
3.45059314180678
5.30439390593288
4.36761923663663
1.76377759885365
3.6211459530522
5.37767558609646
4.26839522493388
2.00740362243826
3.55081652768857
5.33281615973569
4.28917551947715
1.68579210248985
3.71795200105053
5.40571255187862
4.18809343698085
1.93822579215482
3.64948860556046
5.35756678063675
4.20827868697538
1.61501644538444
3.81316699942459
5.43013092005915
4.10520517236974
1.87597555574245
3.74644398937189
5.37862175594429
4.12503746292994
1.55266552199174
3.90662856294099
5.45090561223704
4.01983010469043
1.82156130244937
3.84152921748441
5.39596073374905
4.0395676744371
1.49999038355715
3.9981856369536
5.4680153840458
3.93207413413801
1.77587559636049
3.9346014267702
5.40956700503529
3.95199285961976
1.45820754459245
4.08769734228663
5.48144280112147
3.84204991670925
1.73974971797167
4.02552724026769
5.41942748960532
3.8624449794216
1.42840466085081
4.17503199424061
5.49117422006348
3.74987749387352
1.71390085216526
4.11418183275031
5.42553272543939
3.77106525181733
1.41143342571617
4.26006626894907
5.4971997739589
3.65568504297951
1.69887798336874
4.20044814464334
5.42787686120337
3.67800513000053
1.40780997712881
4.34268449440626
5.49951336214277
3.55960977303837
1.69501492607886
4.28421621979523
5.42645765170057
3.58342744977867
1.41764761077921
4.42277804701012
5.49811264396244
3.46179899587299
1.7023993479484
4.36538264681513
5.42127645614379
3.48750777551224
1.44064129823527
4.50024483746947
5.49299903640434
3.3624114091316
1.72086432699386
4.4438500871621
5.41233823920027
3.39043597840593
1.47610878319342
4.57498887246808
5.48417771552942
3.26161863553503
1.75000431642839
4.51952687603545
5.39965157483817
3.29241808560365
1.52307581677872
4.64691988062357
5.47165762174977
3.1596070721547
1.78921200660142
4.59232668447428
5.38322865307949
3.1936784429908
1.58038222148367
4.71595299308108
5.45545146906615
3.05658011464188
1.83772851636178
4.66216823301674
5.36308528984313
3.0944622382107
1.64678507650473
4.78200847059518
5.43557575847599
2.95276083415369
1.89469791494658
4.72897504887095
5.33924094014462
2.99503843205573
1.72104285511379
4.84501147022151
5.41205079585516
2.8483951989657
1.95921823924438
4.79267525987084
5.31171871500747
2.89570314431467
1.80197411788359
4.90489184580392
5.38490071471709
2.74375594760064
2.03038388002052
4.85320141958211
5.28054540253832
2.7967835315559
1.88849194294365
4.96158397733539
5.35415350436169
2.63914723393415
2.10731718046973
4.91049035882887
5.24575149372477
2.69864217497043
1.9796191865338
5.01502662502123
5.31984104404592
2.53491017366082
2.18918942920016
4.96448305966208
5.20737121363505
2.60168196009154
2.07449057251167
5.06516280450418
5.28199914394115
2.43142941938806
2.27523281797693
5.01512454841678
5.16544255883487
2.50635136823702
2.17234683660476
5.11193968024308
5.24066759379208
2.32914086758693
2.36474547339554
5.06236380502663
5.12000734199263
2.41315000032268
2.27252479660315
5.15530847448659
5.19589022036248
2.22854053677678
2.45709163984867
5.1061536862019
5.07111124482438
2.32263400319684
2.37444590552674
5.19522438966456
5.14771495494693
2.13019452463998
2.5516987672592
5.14645086044407
5.01880388073846
2.23542085219558
2.4776048147431
5.23164654234375
5.09619391245226
2.03474971100399
2.64805284147942
5.18321575318038
4.96313886878475
2.15219265103552
2.58155875982916
5.26453790717085
5.04138348381096
1.94294446837044
2.7456929017992
5.21641250056386
4.90417392079977
2.07369674590355
2.68591812863268
5.29386526946324
4.98334444379
1.85561800863512
2.84420536748711
5.24600891070813
4.84197094397805
2.00074205094576
2.79033830474471
5.31959918531137
4.9221420766093
1.77371608619379
2.94321855368833
5.27197643131733
4.77659616150064
1.93418913896872
2.89451273621548
5.34171394823412
4.85784632219492
1.69828961761667
3.04239758756443
5.29429012283601
4.70812025432886
1.87493203370115
2.99816711148222
5.36018756158237
4.79053194637314
1.63048156413949
3.14143982311316
5.31292863638713
4.63661852783898
1.82386999759216
3.10105450032084
5.37500171602192
4.72027873887758
1.5714966650034
3.24007078238588
5.32787419589075
4.56217110765363
1.78186871673235
3.20295131711688
5.38614177154731
4.64717174370708
1.5225492188003
3.3380406090277
5.33911258386698
4.48486316983948
1.74971230009426
3.30365397483445
5.39359674358669
4.57130152715642
1.48478723496033
3.43512099745823
5.34663313052513
4.40478521161947
1.72805025490637
3.40297611384713
5.39735929285616
4.49276448976592
1.45919761632274
3.5311025506152
5.35042870583104
4.32203336992507
1.71734637336106
3.50074630654329
5.39742571871347
4.41166322952533
1.44650563984258
3.62579251622362
5.35049571432682
4.2367097965333
1.71783811274863
3.59680615445159
5.39379595584683
4.32810696494913
1.44708941728276
3.71901285287467
5.34683409255511
4.14892310024575
1.72951444051102
3.69100870873295
5.3864735742167
4.24221202814674
1.46093127830714
3.81059858078163
5.33944730901382
4.05878886863437
1.75211688417125
3.78321715701081
5.37546578224919
4.15410243977568
1.48762010466314
3.9003963766747
5.3283423666401
3.96643028437394
1.78516355553243
3.87330372971313
5.36078343336007
4.06391057982317
1.52640391771025
3.98826337715985
5.31352980789492
3.87197885419033
1.82799103532468
3.96114878756426
5.34244103597095
3.97177797054381
1.57627764852116
4.07406615957829
5.29502372259335
3.77557527207238
1.87980598578191
4.04664005882529
5.32045676726426
3.87785619061414
1.63608390499433
4.15767987374816
5.27284175870356
3.6773704427316
1.93973797632724
4.12967200057269
5.29485249101545
3.78230794265565
1.70460652844171
4.2389875018536
5.24700513641949
3.57752669645762
2.00688680354191
4.21014526294412
5.26565377993836
3.68530829970397
1.78064444576414
4.31787922714972
5.21753866590169
3.47621923260802
2.0803603990832
4.28796623905486
5.23288994308835
3.58704615988614
1.86306183205862
4.39425189509187
5.18447076917936
3.37363783605702
2.15930211982616
4.36304668635855
5.19659405898726
3.48772594234058
1.9508166609617
4.46800855301419
5.1478335068164
3.26998891899695
2.2429081512429
4.43530340772504
5.15680301526987
3.38756956096297
2.04297258300542
4.53905805662251
5.10766261006895
3.16549794937762
2.33043678759123
4.50465798254393
5.11355755580474
3.2868187153407
2.1386995162852
4.60731473337781
5.06399751940379
3.06041233654483
2.42121165720684
4.57103653982444
5.06690233641842
3.18573753935816
2.23726750501461
4.67269809437628
5.01688143041097
2.95500485338383
2.51462081498812
4.63436956662129
5.01688599055507
3.08461564599578
2.33803717745709
4.73513258762055
4.96636134833418
2.84957768077319
2.61011327031194
4.69459174623088
4.96356120643918
2.98377159963036
2.4404489922673
4.79454738666234
4.91248815266439
2.74446716139946
2.70719411937896
4.75164182151812
4.90698481758401
2.88355683141498
2.54401257858526
4.85087620951102
4.85531667350339
2.64004934092722
2.80541909216629
4.8054624794897
4.84721790881062
2.78435998436449
2.64829686453221
4.90405716347309
4.79490578171192
2.53674634702912
2.9043890383793
4.85600025385424
4.7843259403212
2.68661162603857
2.75292130041122
4.95403261223742
4.73131849522206
2.43503359825158
3.00374466664269
4.90320544282797
4.71837889281749
2.59078918953551
2.85754825372808
5.00074906207063
4.66462210432802
2.3354477264809
3.10316170576413
4.9470320398763
4.64945143718392
2.49742188729193
2.96187652884467
5.04415706445181
4.59488831928825
2.23859491297382
3.20234656149865
4.98743767544218
4.57762313288251
2.40709517559906
3.06563590466028
5.08421113287084
4.52219344419288
2.14515904582428
3.30103248293859
5.02438356801488
4.50297865995172
2.32045412190841
3.16858256219018
5.12086967185011
4.4466185817968
2.05590867182448
3.39897621813864
5.0578344831476
4.42560809038894
2.23820474194902
3.27049527311569
5.15409491653702
4.36824987491742
1.97170111596613
3.49595512038722
5.08775869924882
4.34560720575315
2.16111204954812
3.37117222991671
5.18385288146006
4.28717879108088
1.89348139849905
3.59176465864871
5.11412797915567
4.26307786908524
2.08999325512355
3.47042841204338
5.21011331725384
4.20350245841303
1.82227280916375
3.68621628404367
5.13691754665556
4.17812846074642
2.02570436910659
3.56809339742512
5.23284967434158
4.11732406236129
1.75915548104275
3.77913560611742
5.15610606725833
4.09087438956681
1.96911858619097
3.66400954275839
5.25203907272394
4.02875331476297
1.70522953288947
3.87036083636175
5.1716756326394
4.00143869282761
1.92109545828375
3.75803046869538
5.26766227716349
3.93790700911765
1.66156095826592
3.95974146094344
5.18361174827877
3.90995274112908
1.88244118580995
3.8500197970289
5.279703677179
3.84490967876526
1.62911193136329
4.04713710923424
5.19190332391308
3.81655706718337
1.8538623694628
3.9398500962525
5.28815127137521
3.74989437812151
1.60866237762503
4.13241658918071
5.19654266650156
3.72140234107552
1.83591792986131
4.0274019996191
5.29299665573529
3.65300361129884
1.60073507477442
4.21545706462416
5.19752547548317
3.62465051860775
1.82897588273139
4.11256346622028
5.29423501559667
3.55439043747918
1.60553958353581
4.29614335330803
5.19485084017357
3.52647619400519
1.83318230252759
4.19522916086508
5.29186512111797
3.45421978844504
1.62294842372178
4.37436732748196
5.18852123921826
3.4270681934898
1.8484484266706
4.27529993284
5.28588932612857
3.35267004085243
1.65251165941135
4.45002740175053
5.17854254208452
3.32663145190344
1.87445853101381
4.35268237714752
5.27631357033317
3.24993489423915
1.69350608807516
4.52302809515815
5.16492401263986
3.2253892203989
1.91069695931815
4.42728846469145
5.26314738492409
3.14622561541054
1.74500695375807
4.59327965649555
5.14767831493173
3.12358565867011
1.95648901572792
4.49903523022168
5.246403901736
3.04177372055345
1.80596682524021
4.66069774350236
5.12682152135232
3.02148886927554
2.01104852598544
4.56784450876866
5.22609986616186
2.93683417767431
1.87528829332547
4.72520314806773
5.10237312344577
2.91939443265585
2.07352506208234
4.6336427128674
5.20225565413813
2.83168922260583
1.95188224353812
4.78672156073509
5.07435604569463
2.81762949675187
2.14304556476044
4.69636064415906
5.17489529360284
2.72665288971042
2.03470888623691
4.84518336883319
5.04279666270978
2.71655746043568
2.21874745109295
4.75593333401738
5.14404649093465
2.62207635965255
2.122802691275
4.90052348341184
5.00772482034579
2.6165832588183
2.29980244066406
4.81229990872045
5.10974066299634
2.51835421462673
2.21528441591706
4.95268119088381
4.96917386137376
2.51815920145398
2.38543183583287
4.86540347541026
5.07201297553553
2.41593165546282
2.31136392015137
5.00160002588536
4.92718065647012
2.42179121840762
2.47491478062932
4.91519102568114
5.03090238884191
2.31531265827237
2.41033707558539
5.04722766238483
4.88178564142505
2.32804521710528
2.56759124822109
4.9616133541362
4.98645171172707
2.21706890575975
2.51157933233568
5.08951582050727
4.83303286164364
2.23755302530118
2.66286138253867
5.00462498966644
4.93870766508485
2.12184908535797
2.6145377424479
5.12842018691616
4.78097002521055
2.15101707477712
2.76018253140704
5.04418413755576
4.88772095651264
2.03038776000613
2.71872259878754
5.16390034691111
4.72564856602237
2.06921256132886
2.85906498162565
5.08025263080772
4.83354636773141
1.94351244502348
2.82369937396802
5.19591972667294
4.66712371876752
1.99298532577911
2.95906710882794
5.11279588933775
4.77624285684444
1.86214674737811
2.92908131974384
5.22444554432118
4.60545460786168
1.9232432263327
3.05979041401079
5.14178288588476
4.71587367782734
1.78730649515818
3.03452288011432
5.24944876865138
4.54070435283849
1.86093849851118
3.16087473809661
5.16718611767521
4.65250652005799
1.72008490931147
3.13971394728538
5.2709040845951
4.47294019316449
1.80703882212243
3.26199381832314
5.18898158302776
4.58621367118441
1.66162249162005
3.24437492089005
5.28878986459882
4.4022336360125
1.76248590143622
3.36285126452246
5.20714876221942
4.51707220720782
1.61305813682007
3.34825249712301
5.30308814525373
4.32866063120906
1.72814259156854
3.46317697851127
5.22167060205167
4.44516421434372
1.57546082680377
3.45111610175859
5.31378460862866
4.25230177839727
1.70473287279004
3.56272400668609
5.23253350365756
4.37057704803629
1.54974648493584
3.55275488030041
5.32086856786728
4.17324257245921
1.69278252112291
3.66126579743924
5.2397273131832
4.29340363546671
1.53659124812659
3.65297516406205
5.32433295670956
4.09157369446323
1.69257071077411
3.75859382605438
5.24324531506048
4.21374282904128
1.5363579045816
3.75159833936934
5.32417432268969
4.0073913568928
1.70410245780304
3.85451554672682
5.24308422766488
4.13169981970532
1.54905299673393
3.84845905632984
5.32039282384899
3.92079771373856
1.72710811307953
3.9488526318726
5.23924420122444
4.04738662054233
1.57432602540424
3.94340372265505
5.31299222888591
3.83190134827334
1.7610700224205
4.04143946136148
5.23172881791498
3.96092263302666
1.61151097541039
4.03628923631611
5.30197992074648
3.74081785407822
1.80527033449624
4.13212182772983
5.22054509414475
3.87243531055143
1.65969906326785
4.12698191814586
5.28736690374071
3.6476705282657
1.85885012229971
4.22075582718343
5.20570348509907
3.78206093649732
1.71782530461443
4.21535661183198
5.26916781435347
3.55259119999901
1.92086953947214
4.30720690992615
5.18721789168515
3.68994553719014
1.78475202414002
4.30129592412845
5.24740093600574
3.4557212225071
1.99036104724431
4.39134906684996
5.16510567008981
3.59624595364791
1.85933781179954
4.38468958264242
5.22208821811441
3.35721266304493
2.06637128072881
4.47306413279902
5.13938764424025
3.50113110005165
1.94048712178691
4.46543389233858
5.19325529989874
3.25722973287512
2.14799041979354
4.55224118944132
5.11008812154217
3.40478344134859
2.02718100906772
4.54343127505242
5.16093153949113
3.15595050858781
2.23437019898188
4.62877605324825
5.07723491236266
3.30740072718623
2.1184924323911
4.61858987891728
5.12515004903156
3.05356900714929
2.32473281512168
4.70257083621684
5.04085935382928
3.20919802421264
2.21359044579244
4.69082324677514
5.08594773656213
2.95029769011591
2.41837323907462
4.77353356880268
5.00099633863508
3.11041009315489
2.3117372522569
4.76005003443496
5.04336535569313
2.84637048740845
2.51465717607741
4.84157787609827
4.95768434967432
3.01129416012655
2.41228122597628
4.82619377112834
4.99744756418999
2.74204644745022
2.61301644804856
4.90662269962527
4.91096550149036
2.91213313185608
2.5146480783148
4.88918265574516
4.94824299283508
2.63761413709831
2.71294307900701
4.96859205824339
4.86088558969881
2.81323929964185
2.61833155844176
4.94894938345504
4.8958043261552
2.53339692902632
2.813982942379
5.0274148426403
4.80749414976243
2.7149585632197
2.72288449993752
