0
6.15859699000000
6.19291735000000
2.51149940000000
2.53132606000000
6.00440931000000
6.60324192000000
2.45166230000000
2.15612698000000
6.15765905000000
6.20881557000000
2.48842907000000
2.51137280000000
6.09773874000000
6.57499695000000
2.42923498000000
2.14145851000000
6.19374228000000
6.15348434000000
2.51534939000000
2.51992488000000
5.98445082000000
6.61426067000000
2.47337198000000
2.14002657000000
6.17064619000000
6.11615562000000
2.48775172000000
2.53435969000000
6.08035994000000
6.59598541000000
2.44824147000000
2.15960145000000
6.16930962000000
6.15365171000000
2.46239591000000
2.53856564000000
5.95163345000000
6.57935619000000
2.43020725000000
2.12595057000000
6.17534971000000
6.15393209000000
2.50307608000000
2.53232718000000
6.15648890000000
6.58563137000000
2.42821765000000
2.13859868000000
6.22494841000000
6.11786556000000
2.48571539000000
2.50415230000000
6.21745253000000
6.62418270000000
2.41351986000000
2.17325830000000
6.20956469000000
6.14383364000000
2.51272011000000
2.51702452000000
6.12059450000000
6.60203886000000
2.49027324000000
2.10130024000000
6.21666193000000
6.15631056000000
2.50337172000000
2.51097703000000
6.16807175000000
6.61431980000000
2.42517543000000
2.08127952000000
6.21966743000000
6.09275484000000
2.47959018000000
2.51712227000000
6.15622568000000
6.60405397000000
2.42651439000000
2.14307642000000
6.19010401000000
6.06970119000000
2.50321293000000
2.50627279000000
6.16468525000000
6.56644583000000
2.44708252000000
2.10636544000000
6.19789457000000
6.10307455000000
2.47715354000000
2.47946048000000
6.35155535000000
6.61825848000000
2.45520163000000
2.13319302000000
6.22365475000000
6.12745237000000
2.48973203000000
2.47694731000000
6.23522472000000
6.58698845000000
2.44038486000000
2.21518016000000
6.17001295000000
6.13576746000000
2.51466703000000
2.52020979000000
6.22747707000000
6.59938526000000
2.48952198000000
2.16317868000000
6.20210123000000
6.16662407000000
2.51188803000000
2.57485795000000
6.08502436000000
6.59730768000000
2.47987103000000
2.15573263000000
6.19463396000000
6.11451101000000
2.49289012000000
2.54825592000000
6.03398705000000
6.62093592000000
2.46154380000000
2.15389514000000
6.13274479000000
6.14548492000000
2.50780749000000
2.55468798000000
6.03442335000000
6.58575773000000
2.40719581000000
2.10994649000000
6.15022373000000
6.13501787000000
2.51659918000000
2.52707195000000
6.01925468000000
6.59755516000000
2.43277669000000
2.11181784000000
6.20035887000000
6.12765455000000
2.51170087000000
2.53480887000000
5.98919010000000
6.62717819000000
2.42355967000000
2.19444680000000
6.14757490000000
6.13107252000000
2.50780058000000
2.54992223000000
6.03523207000000
6.59425831000000
2.45763206000000
2.15563464000000
6.17586088000000
6.14100552000000
2.49626279000000
2.54720497000000
5.93014956000000
6.61139679000000
2.39708686000000
2.12931681000000
6.18067074000000
6.14289618000000
2.50168395000000
2.56491137000000
6.04363585000000
6.59457684000000
2.38304591000000
2.08750772000000
6.21047211000000
6.15243006000000
2.50431204000000
2.55073309000000
5.98769760000000
6.60811377000000
2.40085697000000
2.10977340000000
6.18921328000000
6.10581636000000
2.49106359000000
2.57861614000000
6.22023582000000
6.57023811000000
2.43907428000000
2.11500931000000
6.16492033000000
6.11005306000000
2.49312735000000
2.57589793000000
5.97034931000000
6.62208509000000
2.43222475000000
2.13010311000000
6.18041515000000
6.09417343000000
2.48640180000000
2.58175492000000
6.16842127000000
6.59688759000000
2.45772052000000
2.15928888000000
6.16668034000000
6.08371258000000
2.52657390000000
2.57245898000000
6.24998760000000
6.62875938000000
2.42666388000000
2.21062803000000
6.21012735000000
6.15604925000000
2.51719785000000
2.53485823000000
6.07267809000000
6.61607695000000
2.41434646000000
2.14472580000000
6.20428085000000
6.17820024000000
2.48778462000000
2.54545546000000
6.35219145000000
6.59629345000000
2.44578409000000
2.14833164000000
6.19663525000000
6.14949560000000
2.52717972000000
2.50237679000000
6.36628580000000
6.55479717000000
2.39636016000000
2.16149282000000
6.23115396000000
6.06130266000000
2.49906540000000
2.56081176000000
6.39574146000000
6.55890226000000
2.43113303000000
2.14762998000000
6.13540745000000
6.07862282000000
2.50099492000000
2.60463548000000
6.36158466000000
6.59072542000000
2.43597174000000
2.15441513000000
6.16850376000000
6.11033440000000
2.50344062000000
2.60219479000000
6.38408327000000
6.62044954000000
2.44262552000000
2.24417567000000
6.16856861000000
6.12869644000000
2.47372627000000
2.67472577000000
6.35884142000000
6.59538603000000
2.41041064000000
2.11975217000000
6.23337746000000
6.13378954000000
2.46906090000000
2.60253429000000
6.40947771000000
6.56998253000000
2.43732762000000
2.00690055000000
6.19938183000000
6.18001556000000
2.51249552000000
2.61881876000000
6.38256121000000
6.54412699000000
2.42624974000000
2.96106672000000
6.18542004000000
6.28364515000000
2.48913980000000
2.60105109000000
6.42115116000000
6.58622551000000
2.41335940000000
2.79754615000000
6.20496655000000
6.14423990000000
2.46630669000000
2.60787272000000
6.37430048000000
6.59708166000000
2.45080924000000
2.87810683000000
6.20840263000000
6.20724010000000
2.48042822000000
2.64660096000000
6.42531157000000
6.60293293000000
2.40794539000000
2.81722450000000
6.19734001000000
6.19973660000000
2.49136400000000
2.60677505000000
6.40438938000000
6.59328508000000
2.46493649000000
2.46923614000000
6.18867779000000
6.13969374000000
2.47279382000000
2.60961342000000
6.40231419000000
6.60180378000000
2.44060755000000
2.50364852000000
6.19227934000000
6.09211159000000
2.48809838000000
2.56752944000000
6.47754622000000
6.57986975000000
2.42652965000000
2.05098534000000
6.21043539000000
6.08832788000000
2.49447894000000
2.63423920000000
6.42647886000000
6.58837366000000
2.42549729000000
2.08771324000000
6.20301723000000
6.13653994000000
2.50302553000000
2.59158373000000
6.43035507000000
6.59122467000000
2.42051697000000
2.06758690000000
6.17898846000000
6.14113474000000
2.49724746000000
2.63487959000000
6.44923830000000
6.55844402000000
2.41177297000000
2.14016461000000
6.20706940000000
6.17010260000000
2.51510811000000
2.58226824000000
6.41511869000000
6.53737116000000
2.43454504000000
2.16024613000000
6.22613907000000
6.08502913000000
2.50308514000000
2.59679914000000
6.36482954000000
6.57516289000000
2.38049364000000
2.15533042000000
6.24347448000000
6.07307625000000
2.48597145000000
2.59287310000000
6.43746567000000
6.56774950000000
2.39965296000000
2.13137627000000
6.19731951000000
6.11874962000000
2.50491714000000
2.56852508000000
6.40005112000000
6.57842779000000
2.41564775000000
2.14616203000000
6.21521854000000
6.11067343000000
2.52354980000000
2.60215998000000
6.42243338000000
6.60597086000000
2.44876361000000
2.15272045000000
6.21491385000000
6.10110188000000
2.50869703000000
2.52196741000000
6.38729048000000
6.59716940000000
2.42828798000000
2.12404776000000
6.21962452000000
6.10251093000000
2.51876330000000
2.52204895000000
6.40899611000000
6.61793709000000
2.45357013000000
2.14057612000000
6.23556232000000
6.20338154000000
2.51070952000000
2.54568958000000
6.43656111000000
6.59615278000000
2.42188621000000
2.11695290000000
6.22465181000000
6.15138435000000
2.49153209000000
2.51573563000000
6.43661404000000
6.59468079000000
2.38715053000000
2.13757324000000
6.20199060000000
6.23414469000000
2.47484231000000
2.53561282000000
6.40052986000000
6.59433222000000
2.41789818000000
2.07438087000000
6.20150089000000
6.19770384000000
2.47105765000000
2.53898096000000
6.40249825000000
6.59149599000000
2.40627575000000
2.06953526000000
6.16093779000000
6.20725536000000
2.50587392000000
2.51307440000000
6.38835907000000
6.58916283000000
2.40527368000000
2.01536441000000
6.17423582000000
6.16794920000000
2.48760533000000
2.51944733000000
6.21687460000000
6.61057854000000
2.44680882000000
2.00682878000000
6.17470980000000
6.13241339000000
2.46955466000000
2.47950554000000
6.20865011000000
6.60337830000000
2.45420814000000
2.05912685000000
6.19898510000000
6.15225029000000
2.50754142000000
2.45519209000000
6.42026806000000
6.58909655000000
2.37816453000000
2.09087491000000
6.23731661000000
6.17259836000000
2.48715711000000
2.50134563000000
6.38873816000000
6.61861181000000
2.39632154000000
2.16691613000000
6.19131041000000
6.18855953000000
2.49010301000000
2.50633359000000
6.06700754000000
6.60142994000000
2.42347503000000
2.21619272000000
6.22668648000000
6.14181519000000
2.51492763000000
2.52268410000000
6.17589474000000
6.57490873000000
2.45128989000000
2.27512002000000
6.16313601000000
6.10958147000000
2.50302601000000
2.52065039000000
6.50524235000000
6.61793995000000
2.44588614000000
2.32827711000000
6.13412476000000
6.25409794000000
2.52588940000000
2.52100801000000
6.42893457000000
6.63557291000000
2.50824261000000
2.34655690000000
6.13342333000000
6.13039064000000
2.48413277000000
2.56147957000000
5.92864895000000
6.58914566000000
2.39490891000000
2.45363355000000
6.17456150000000
6.12517357000000
2.49099874000000
2.57390046000000
6.33351707000000
6.56960344000000
2.42648196000000
2.56889176000000
6.19096661000000
6.17164850000000
2.49541759000000
2.53890777000000
6.34396648000000
6.64149237000000
2.40758610000000
2.72414804000000
6.18066835000000
6.14572001000000
2.48519850000000
2.54498315000000
6.34529972000000
6.61811161000000
2.41294575000000
2.12580061000000
6.19382715000000
6.13508654000000
2.51659703000000
2.52073145000000
6.34007215000000
6.59344006000000
2.43063235000000
2.13172626000000
6.13909149000000
6.09695387000000
2.50572777000000
2.54595852000000
6.40237236000000
6.59919357000000
2.45555425000000
2.22083235000000
6.16217136000000
6.11523867000000
2.46579003000000
2.51307273000000
6.43019199000000
6.58294773000000
2.44456005000000
2.34240437000000
6.14745808000000
6.11262321000000
2.51681542000000
2.53443646000000
6.36394548000000
6.58610153000000
2.48514962000000
2.34181714000000
6.15755892000000
6.13157034000000
2.50738621000000
2.51864243000000
6.43499708000000
6.57659912000000
2.48060369000000
2.39276552000000
6.16107225000000
6.14153528000000
2.49169993000000
2.54058552000000
6.39287901000000
6.60983276000000
2.41115212000000
2.38569403000000
6.16982031000000
6.16441870000000
2.51530266000000
2.52776384000000
6.37740135000000
6.61770868000000
2.48747730000000
2.37414551000000
6.16283131000000
6.17901325000000
2.47430420000000
2.51121807000000
6.37557554000000
6.60583591000000
2.46004319000000
2.42377591000000
6.19000149000000
6.15995789000000
2.48857760000000
2.55477524000000
6.37433386000000
6.59901571000000
2.47456408000000
2.46739364000000
6.20959902000000
6.14718437000000
2.50064063000000
2.53518271000000
6.41838551000000
6.58712864000000
2.46881366000000
2.50067687000000
6.16920662000000
6.18782711000000
2.49091315000000
2.52106881000000
6.43558598000000
6.59906340000000
2.44817424000000
2.45747972000000
6.18483925000000
6.21384048000000
2.49417400000000
2.49305677000000
6.42821980000000
6.60065651000000
2.40913820000000
2.49324489000000
6.19150972000000
6.13686132000000
2.48388410000000
2.51837993000000
6.45731592000000
6.57847166000000
2.43193221000000
2.50868464000000
6.19888592000000
6.19506598000000
2.47603679000000
2.52344847000000
6.48299217000000
6.58352900000000
2.43652654000000
2.45908642000000
6.16421080000000
6.17797136000000
2.49980521000000
2.47196865000000
6.43551350000000
6.58036423000000
2.46054435000000
2.50278068000000
6.18997002000000
6.17110109000000
2.51310349000000
2.53030205000000
6.38582850000000
6.62845659000000
2.41064262000000
2.50427341000000
6.15125990000000
6.17205000000000
2.49537420000000
2.54049611000000
6.34123087000000
6.57156563000000
2.42095351000000
2.49322295000000
6.15770912000000
6.11015034000000
2.49880528000000
2.51106238000000
6.42101955000000
6.57651091000000
2.44726181000000
2.48112321000000
6.14711761000000
6.14620781000000
2.50111365000000
2.50977349000000
6.37890291000000
6.58566523000000
2.44974208000000
2.52913666000000
6.20442247000000
6.18153477000000
2.49140787000000
2.50938106000000
6.36735010000000
6.62151670000000
2.43756056000000
2.47703171000000
6.19632721000000
6.17609882000000
2.50855660000000
2.53195906000000
6.38854504000000
6.59833908000000
2.39490294000000
2.44935298000000
6.18595409000000
6.14166355000000
2.50647783000000
2.52485657000000
6.38499165000000
6.63596106000000
2.45430899000000
2.48127270000000
6.21407175000000
6.20247889000000
2.49658442000000
2.51949048000000
6.40817785000000
6.61203718000000
2.42936707000000
2.49575734000000
6.17620325000000
6.18338060000000
2.53661942000000
2.50638676000000
6.36105394000000
6.63601351000000
2.43840480000000
2.51475120000000
6.15269804000000
6.15545940000000
2.48554587000000
2.51806593000000
6.37979364000000
6.61000729000000
2.41353154000000
2.51439738000000
6.20529032000000
6.16437387000000
2.51931667000000
2.51990294000000
6.12887430000000
6.57789660000000
2.47304487000000
2.50857973000000
6.15100002000000
6.14535379000000
2.46618605000000
2.52764654000000
6.40296698000000
6.55466270000000
2.46151567000000
2.41521692000000
6.12756491000000
6.11100817000000
2.53896141000000
2.52339339000000
6.45664358000000
6.58702421000000
2.44348502000000
2.38108540000000
6.16199112000000
6.14821911000000
2.51269364000000
2.55074048000000
6.40123844000000
6.55673504000000
2.40833974000000
2.31744957000000
6.11882591000000
6.12800550000000
2.51224923000000
2.52861619000000
6.50494194000000
6.56358576000000
2.45371699000000
2.32168388000000
6.14294100000000
6.09937143000000
2.49718714000000
2.53765965000000
6.17589998000000
6.56123495000000
2.43719745000000
2.28933811000000
6.12634373000000
6.10808325000000
2.49722528000000
2.51354575000000
6.49520159000000
6.56493950000000
2.46188998000000
2.31134868000000
6.14174032000000
6.10109377000000
2.47799373000000
2.54257727000000
6.47909212000000
6.58140612000000
2.46234393000000
2.32797527000000
6.14433050000000
6.10148048000000
2.53920293000000
2.52985168000000
6.16602516000000
6.61134863000000
2.47085309000000
2.35958743000000
6.14445543000000
6.07794619000000
2.45796132000000
2.51744294000000
6.44941950000000
6.60328007000000
2.46293521000000
2.33118534000000
6.15224314000000
6.07108116000000
2.48159552000000
2.52862334000000
6.42594957000000
6.58304834000000
2.45446777000000
2.37980080000000
6.16680193000000
6.12247276000000
2.47886562000000
2.52498388000000
6.42300940000000
6.56773949000000
2.48361087000000
2.38200593000000
6.16704464000000
6.12391472000000
2.46892357000000
2.51127243000000
6.45526123000000
6.59134722000000
2.44530463000000
2.38070774000000
6.12374592000000
6.06659508000000
2.51636457000000
2.50701594000000
6.39172983000000
6.58367491000000
2.45859122000000
2.40994620000000
6.17585039000000
6.12600136000000
2.48883486000000
2.52985930000000
6.42476034000000
6.59689140000000
2.46460438000000
2.42210770000000
6.13654613000000
6.11549091000000
2.46072578000000
2.54173875000000
6.47124386000000
6.58085823000000
2.47915292000000
2.40414381000000
6.15458584000000
6.12431479000000
2.49793816000000
2.53926444000000
6.40876150000000
6.59399128000000
2.46589851000000
2.39509082000000
6.14387083000000
6.09659290000000
2.51757693000000
2.53690624000000
6.40606499000000
6.62973022000000
2.43518591000000
2.38783622000000
6.17441940000000
6.12046480000000
2.51877165000000
2.52245021000000
6.41489887000000
6.59953642000000
2.48861885000000
2.42566347000000
6.14376354000000
6.09103632000000
2.50385666000000
2.51247334000000
6.42275524000000
6.57704067000000
2.43796039000000
2.44496036000000
6.17600012000000
6.15673018000000
2.50075054000000
2.52928662000000
6.39590788000000
6.60514975000000
2.45103884000000